0 jxt_auto_array_0 7 44365 4090
6549813 tlu/tca 6 139756 140710
6549814 mmu/scp0 6 165181 150070
6549815 mmu/scp1 6 165181 166270
6549816 tlu/tsa0 6 123556 164830
6549817 tlu/tsa1 6 139756 164830
6549818 lsu/cpq 7 60565 4090
6549819 mmu/mra0 7 165181 101830
6549820 mmu/mra1 7 165181 77710
6549824 exu1/irf 6 100498 113890
6549825 exu0/irf 6 99787 166090
6549826 ifu_ftu/ftu_icd_cust 5 21199 261850
6549827 ifu_ftu/ftu_ict_cust 7 165199 166630
6549828 ifu_ftu/ftu_itb_cust 7 132979 166630
6549829 fgu/frf 7 41876 78970
6549830 lsu/dta 7 108985 4090
6549831 lsu/stb_cam 7 27985 4090
6549832 lsu/tlb 6 165145 76450
6549833 lsu/stb_ram 7 76765 4090
6549834 lsu/dca 7 165145 4090
